0 11 13 8 0 0 0 6 0 0 0 15 7 14 0 0 
12 0 15 2 7 0 14 0 13 5 8 0 0 0 9 16 
5 1 0 6 0 15 0 10 9 3 0 0 2 0 0 11 
14 7 3 0 2 0 0 16 0 0 11 10 12 0 0 15 
0 5 0 10 0 6 11 8 14 0 0 12 0 0 0 1 
0 0 2 0 15 0 12 9 4 0 0 0 10 0 13 0 
0 9 0 0 10 7 2 0 0 15 13 8 6 4 16 0 
15 0 6 13 16 4 0 0 0 7 0 5 11 0 0 0 
0 13 9 0 14 2 0 0 0 1 0 0 0 0 11 0 
0 4 11 0 0 0 16 15 8 12 2 13 1 0 5 7 
0 6 0 5 0 0 4 0 0 11 0 14 9 16 0 0 
1 0 0 3 11 0 7 5 0 9 4 16 14 0 0 6 
11 0 14 12 0 10 6 7 0 8 5 3 13 0 0 0 
9 0 0 0 0 0 15 0 0 0 6 0 0 0 7 8 
0 3 0 0 0 16 1 0 11 13 0 0 0 10 14 0 
0 8 10 4 5 0 0 0 0 14 0 2 0 15 0 3 
