0 3 0 8 4 0 7 13 14 0 11 0 10 0 15 0 
13 5 0 16 2 12 0 0 0 10 0 3 0 14 0 11 
0 0 15 0 16 0 0 10 0 0 6 13 0 12 0 7 
10 9 0 0 0 0 3 0 16 15 0 0 4 13 0 0 
15 8 14 0 3 2 0 6 11 0 0 12 16 0 9 0 
0 11 0 0 9 0 0 1 10 0 0 0 0 7 13 14 
16 0 0 2 0 0 0 0 8 9 14 0 0 0 0 0 
4 0 9 0 5 16 0 14 0 0 1 7 0 8 0 12 
8 0 0 15 6 10 1 0 5 12 0 0 13 0 14 4 
0 4 0 3 0 0 5 0 15 13 2 0 0 0 0 1 
14 0 5 0 0 0 16 2 0 7 3 0 0 6 11 9 
0 7 10 0 13 0 0 8 0 0 0 14 0 0 0 15 
3 0 0 4 8 0 0 0 2 0 0 0 0 16 10 0 
0 14 13 9 0 11 0 16 0 0 5 0 15 2 3 8 
2 0 0 0 7 13 0 0 12 0 10 0 9 4 0 0 
0 10 16 0 0 9 0 4 3 8 13 15 0 11 0 6 
