0 0 0 0 11 14 2 15 7 5 10 12 4 3 13 9 
0 0 0 0 10 6 13 5 8 15 9 16 12 7 1 11 
0 0 0 0 7 12 9 3 6 14 1 4 8 2 5 16 
0 0 0 0 1 4 8 16 13 3 11 2 10 15 6 14 
4 1 9 8 0 0 0 0 10 6 2 13 15 14 16 7 
6 5 15 14 0 0 0 0 3 7 8 9 11 13 12 10 
3 7 12 16 0 0 0 0 14 11 4 15 2 1 9 5 
11 13 2 10 0 0 0 0 16 12 5 1 3 8 4 6 
15 4 3 5 2 1 11 6 0 0 0 0 14 16 10 13 
7 12 8 9 13 3 14 4 0 0 0 0 1 11 2 15 
1 16 10 11 8 7 5 9 0 0 0 0 6 4 3 12 
14 2 6 13 16 10 15 12 0 0 0 0 9 5 7 8 
12 3 14 2 9 8 6 1 11 13 7 5 0 0 0 0 
9 10 11 7 14 15 4 13 2 16 6 3 0 0 0 0 
13 15 1 4 5 2 16 10 12 9 14 8 0 0 0 0 
16 8 5 6 12 11 3 7 4 1 15 10 0 0 0 0 
