0 4 0 0 0 0 0 0 0 10 6 0 22 0 0 24 0 1 0 7 0 16 0 12 0 
0 0 0 0 21 15 0 0 0 0 0 0 0 9 0 0 14 17 3 0 10 18 11 0 4 
0 2 22 0 0 0 0 5 0 7 0 0 0 1 21 0 23 0 0 0 0 0 3 13 0 
0 9 11 0 0 6 20 0 0 0 24 0 0 0 12 0 0 0 0 0 2 0 19 0 1 
5 0 0 0 25 0 13 9 0 3 0 0 0 0 0 0 12 0 0 15 0 0 17 0 8 
14 0 0 19 0 0 0 13 4 0 17 21 0 0 0 0 0 0 12 5 0 7 0 0 0 
8 25 0 0 0 10 24 0 15 16 0 0 0 0 7 0 0 0 11 0 20 0 0 0 0 
0 0 0 24 0 21 0 0 14 0 0 0 0 0 0 1 0 0 10 22 9 0 0 16 0 
12 3 0 0 0 0 0 0 0 5 14 0 0 0 18 23 9 15 0 21 0 25 0 0 0 
0 0 0 10 16 0 0 0 0 0 0 2 9 0 0 18 0 0 24 0 21 4 8 22 0 
6 0 0 11 18 19 9 0 23 21 0 0 0 0 14 20 24 0 0 0 7 0 0 0 0 
25 0 10 4 13 18 0 0 0 0 0 0 0 22 2 0 0 0 0 0 5 0 14 0 0 
0 7 0 0 0 0 12 22 20 0 5 0 15 23 17 14 0 4 19 3 8 0 0 1 0 
0 5 23 0 0 0 11 25 0 0 0 20 0 6 0 0 0 0 15 0 19 0 12 18 13 
0 0 20 0 0 16 0 17 0 8 0 0 0 0 0 0 0 0 0 0 23 0 22 0 0 
0 19 0 0 0 0 22 1 9 25 13 0 0 21 0 15 20 18 6 16 0 0 0 0 5 
0 0 1 0 0 4 0 0 0 0 10 0 7 16 0 5 0 3 0 17 6 0 0 2 0 
0 16 0 23 14 0 0 0 0 0 9 24 0 20 0 0 0 0 21 0 1 19 0 0 0 
22 0 0 0 4 0 0 16 0 24 2 0 0 0 8 0 25 0 7 0 0 13 0 10 0 
0 0 0 15 0 17 0 0 11 2 25 0 0 0 6 8 0 0 23 13 4 0 0 0 0 
11 0 0 13 24 0 2 8 22 0 0 0 0 0 0 19 0 0 4 0 0 0 0 0 12 
18 0 0 0 17 25 0 0 0 14 3 13 0 0 0 0 22 0 0 0 0 15 5 11 0 
0 14 0 12 0 0 6 0 13 0 22 1 2 18 9 0 0 0 0 0 16 0 0 17 20 
0 21 7 0 0 0 0 0 5 4 0 0 11 14 0 17 15 6 20 10 0 9 0 0 2 
15 0 19 16 8 0 0 0 0 0 0 0 0 0 4 12 21 0 0 1 3 23 0 0 0 
