0 13 0 0 0 0 16 12 0 0 0 8 21 0 0 0 3 0 18 0 7 4 0 10 22 
0 15 20 0 0 7 0 19 0 0 10 12 0 0 25 14 24 0 0 0 0 0 3 0 0 
0 0 0 0 5 0 0 2 0 0 0 22 14 4 16 15 8 0 0 21 0 23 0 17 0 
4 0 25 0 0 24 0 0 0 1 13 0 0 0 0 22 0 0 0 6 0 0 0 0 0 
0 0 0 23 9 0 0 0 0 0 3 15 11 0 0 0 13 0 2 0 14 0 12 8 6 
0 25 0 14 0 10 0 0 13 0 0 0 0 0 0 21 7 6 0 20 0 0 1 16 2 
3 0 0 0 0 17 0 11 0 0 21 9 18 19 2 0 10 5 0 22 0 6 0 0 7 
15 23 0 0 0 0 9 0 0 12 11 0 0 0 24 0 16 0 0 0 0 0 0 0 4 
2 4 11 0 0 0 24 0 0 0 0 6 0 20 3 0 0 0 0 8 25 19 18 0 0 
6 0 13 9 0 0 0 0 8 25 0 1 0 16 4 0 2 0 15 0 23 5 0 0 0 
16 5 0 4 0 18 20 0 0 2 0 0 0 0 0 12 0 9 11 0 0 15 0 21 3 
0 0 12 19 7 0 0 0 0 0 0 0 0 0 0 3 0 0 0 0 10 0 25 24 0 
0 0 0 0 0 0 17 14 23 0 0 0 15 0 0 0 0 0 0 0 22 0 0 0 0 
0 0 0 0 0 0 19 0 15 0 0 4 6 23 0 24 18 7 0 2 0 0 0 0 0 
0 0 0 0 0 4 5 0 0 0 0 13 20 0 0 0 0 0 0 16 0 0 0 0 14 
0 0 5 0 0 0 0 0 0 0 25 0 1 0 0 8 0 0 14 0 0 0 0 7 0 
0 0 24 1 6 0 21 7 0 10 14 3 12 18 0 11 0 2 0 0 19 0 0 0 0 
25 0 14 0 0 0 6 0 0 0 0 0 0 11 0 0 0 22 13 0 0 16 0 0 9 
0 12 0 7 13 25 0 22 18 0 19 0 0 0 0 17 0 16 0 0 0 3 23 0 11 
0 20 4 18 21 3 23 8 0 13 0 0 0 0 0 0 15 0 10 0 17 1 5 0 0 
0 19 7 0 0 21 3 0 1 22 8 11 0 0 0 0 0 0 23 10 0 0 4 0 0 
0 11 0 0 0 19 14 0 0 24 0 17 0 15 0 0 0 0 0 4 16 18 0 0 20 
10 0 16 0 0 0 0 0 4 0 0 0 0 0 0 0 0 0 0 5 0 0 0 3 12 
0 0 0 0 0 8 0 16 0 5 0 0 13 0 12 9 0 21 7 25 0 0 2 6 1 
18 14 8 2 25 20 11 0 0 0 0 0 0 7 0 13 0 0 0 0 0 0 19 5 0 
